function [M00, M11R, M11I, M20] = Zernike77()
%% 7*7 Zernike模板
M00=...
    [
    0	0.0287	0.0686	0.0807	0.0686	0.0287	0
    0.0287	0.0815	0.0816	0.0816	0.0816	0.0815	0.0287
    0.0686	0.0816	0.0816	0.0816	0.0816	0.0816	0.0686
    0.0807	0.0816	0.0816	0.0816	0.0816	0.0816	0.0807
    0.0686	0.0816	0.0816	0.0816	0.0816	0.0816	0.0686
    0.0287	0.0815	0.0816	0.0816	0.0816	0.0815	0.0287
    0	0.0287	0.0686	0.0807	0.0686	0.0287	0
    ];
M11R=...
    [
    0	-0.015	-0.019	0	0.019	0.015	  0
    -0.0224	-0.0466	-0.0233	0	0.0233	0.0466	0.0224
    -0.0573	-0.0466	-0.0233	0	0.0233	0.0466	0.0573
    -0.069	-0.0466	-0.0233	0	0.0233	0.0466	0.069
    -0.0573	-0.0466	-0.0233	0	0.0233	0.0466	0.0573
    -0.0224	-0.0466	-0.0233	0	0.0233	0.0466	0.0224
    0	-0.015	-0.019	0	0.019	0.015	  0
    ];
M11I=...
    [
    0	-0.0224	-0.0573	-0.069	-0.0573	-0.0224	  0
    -0.015	-0.0466	-0.0466	-0.0466	-0.0466	-0.0466	-0.015
    -0.019	-0.0233	-0.0233	-0.0233	-0.0233	-0.0233	-0.019
    0	   0	   0	   0	   0	   0	  0
    0.019	0.0233	0.0233	0.0233	0.0233	0.0233	0.019
    0.015	0.0466	0.0466	0.0466	0.0466	0.0466	0.015
    0	0.0224	0.0573	0.069	0.0573	0.0224	  0
    ];
M20=...
    [
    0	0.0225	0.0394	0.0396	0.0394	0.0225	0
    0.0225	0.0271	-0.0128	-0.0261	-0.0128	0.0271	0.0225
    0.0394	-0.0128	-0.0528	-0.0661	-0.0528	-0.0128	0.0394
    0.0396	-0.0261	-0.0661	-0.0794	-0.0661	-0.0261	0.0396
    0.0394	-0.0128	-0.0528	-0.0661	-0.0528	-0.0128	0.0394
    0.0225	0.0271	-0.0128	-0.0261	-0.0128	0.0271	0.0225
    0	0.0225	0.0394	0.0396	0.0394	0.0225	0
    ];